-229.57
-575.10
-697.34
-45.78
-509.94
-137.85
-1350.59
181.65
136.71
273.63
-536.98
904.50
334.04
-850.43
340.02
-352.96
181.37
441.59
-1075.81
-169.09
-542.46
46.52
171.16
11.43
-31.72
27.08
213.64
11.39
-172.84
-1163.60
-149.69
-588.59
-100.96
-1057.63
-602.68
445.16
442.31
488.77
72.86
1249.29
-19.20
-371.55
163.35
353.85
940.77
-46.94
-296.83
-700.52
-96.10
-343.47
-517.76
797.94
-94.87
-111.22
-590.26
667.33
-161.65
-526.50
-546.90
618.33
-114.97
-594.27
431.81
457.43
-531.14
-18.58
-572.93
-238.19
-213.04
-380.89
-809.51
-610.03
145.95
-795.89
-524.14
-93.93
-434.10
-543.07
330.84
-61.25
-436.77
-107.01
-168.85
699.37
-99.00
312.78
-57.14
-493.13
-85.73
-564.95
88.11
921.03
-804.57
140.08
424.06
930.71
110.21
667.06
246.71
-866.32
208.71
-836.98
-685.79
265.02
360.29
358.69
-723.72
-68.87
-631.82
989.25
194.36
383.61
-98.01
-102.67
-387.29
-501.70
-326.01
67.04
-374.53
-381.03
-103.01
324.39
581.16
-598.34
-68.50
594.35
68.20
751.54
-320.83
638.11
-118.95
423.80
39.18
374.27
292.10
-521.27
185.57
-93.91
-487.48
-259.76
446.95
-554.18
-54.22
-458.74
-396.21
-532.45
524.04
301.78
59.48
-905.23
-121.75
1151.83
-485.72
123.70
-27.44
-813.87
742.27
-209.27
628.76
-90.38
135.38
-210.96
-564.55
-664.77
549.82
-778.44
715.88
323.70
-341.55
309.35
1077.16
-153.91
304.00
-203.84
263.14
480.87
-343.32
-296.79
-393.86
-978.38
709.09
-444.47
-340.97
57.45
169.89
-162.26
1098.42
-278.82
368.19
823.34
627.30
-116.14
436.78
12.60
496.46
55.76
337.07
-963.11
-479.46
-151.60
659.61
-233.97
-158.43
-349.85
-280.91
-900.97
357.09
97.74
258.97
45.63
-102.33
-78.26
-563.62
530.12
-136.48
217.59
-305.44
963.85
-553.95
-282.43
-245.73
-350.35
240.07
80.74
-88.59
1171.79
517.51
-488.56
397.94
1054.07
105.08
-651.13
-542.92
-808.60
446.92
-1348.45
-485.06
674.78
393.92
-625.73
673.04
-122.03
-393.16
-90.29
420.88
-261.85
-506.07
25.32
192.00
-50.12
407.89
-156.71
786.08
-739.72
83.11
432.46
-599.49
-133.13
-803.29
-174.83
791.60
-142.39
-369.46
1219.45
875.44
484.39
24.92
-57.50
-664.81
566.96
173.89
-593.85
-140.80
-1013.07
-278.15
468.23
259.50
-34.44
671.23
-719.79
665.79
22.98
568.34
-51.49
9.10
266.67
652.55
617.98
-304.77
-264.68
950.56
233.44
-178.97
-267.17
-155.59
-29.70
-238.77
702.68
600.91
-55.99
481.75
89.67
-541.98
-156.16
205.78
-242.71
-321.70
-909.15
-1127.75
-660.84
-76.51
353.86
934.69
41.70
-340.67
67.06
382.92
442.92
230.28
-73.44
280.06
-680.65
-129.93
-90.57
-523.08
351.34
494.09
-93.78
720.45
729.47
893.19
194.95
180.42
612.89
958.03
-60.17
-181.11
-484.25
-307.31
381.94
-108.97
170.07
-541.25
35.75
-751.20
169.46
-46.27
130.41
202.83
101.10
-446.73
372.21
-900.23
263.04
429.16
-341.82
506.24
-763.49
-130.08
-23.38
-801.40
290.52
27.79
-76.95
-1170.86
-164.08
121.24
-1284.14
-21.17
83.40
-252.85
45.81
-385.33
-310.57
-285.90
640.95
67.54
-4.35
-70.28
314.05
614.33
-401.98
-818.19
-179.07
463.70
104.51
-484.85
314.43
44.68
26.52
-753.72
-492.63
-929.00
393.90
149.49
-363.49
-793.12
-850.50
-201.04
-247.91
824.88
-14.42
-22.83
-221.20
345.11
96.52
-299.26
-194.71
493.33
-711.12
523.89
143.22
-178.61
55.40
-310.01
-110.26
-572.21
253.10
84.40
-119.05
-530.58
-618.80
109.43
283.15
386.78
-557.27
-682.59
-542.51
895.13
-312.77
-205.44
-734.47
290.69
114.99
-43.04
529.97
-86.10
-457.99
843.04
-514.31
-338.36
-110.78
10.95
-4.84
-705.99
-175.16
28.59
671.99
179.72
-387.12
679.54
326.46
292.09
171.61
-1087.86
767.42
281.63
10.58
193.28
294.01
-292.65
-324.49
69.72
632.50
-862.56
876.88
-225.48
361.00
-42.04
406.13
-370.51
-371.05
210.02
774.18
-1346.83
365.48
276.07
-1180.09
55.91
-496.38
58.81
465.30
-578.61
-514.96
-1148.92
-200.32
-60.68
-295.38
-14.81
450.70
-159.03
-830.59
-127.31
-265.51
-912.09
92.20
506.83
26.96
297.49
-298.72
319.53
-615.67
908.93
99.05
-190.38
25.62
27.93
-240.08
-334.81
-194.75
205.07
448.17
-116.01
-210.92
222.16
-189.23
-311.20
-486.45
728.99
410.99
160.25
34.77
-1329.32
469.93
971.59
390.77
-516.47
75.66
-189.47
417.20
-520.86
457.10
263.86
762.63
488.86
-530.73
-229.00
-861.59
376.97
304.81
-1028.07
177.56
473.97
159.27
161.07
226.97
368.91
518.54
-617.17
590.11
596.45
794.53
226.66
711.16
-84.91
178.50
606.16
330.21
-422.43
-269.28
25.10
291.77
-129.51
-197.66
-117.73
-233.81
82.21
397.51
-10.75
-1147.13
631.62
487.82
-114.73
-90.60
206.24
900.84
115.72
383.05
87.18
443.14
-676.03
160.77
-25.17
393.74
-339.21
-238.81
-304.66
389.99
-269.97
-932.16
-177.92
-808.23
601.32
-571.89
-551.63
196.91
139.23
-218.51
10.00
-432.37
329.35
174.87
1142.04
684.44
190.93
-521.81
228.13
281.64
681.58
616.17
1097.06
112.72
124.16
788.00
800.64
419.17
-1079.70
266.17
-321.89
-248.73
-612.63
368.04
-224.10
1280.91
29.26
-532.95
-200.00
-365.44
355.79
-480.43
-21.02
308.10
70.47
623.09
-568.84
-128.04
-191.15
188.75
-524.82
-69.79
-344.37
-587.41
-1191.07
-20.24
-76.61
61.97
-494.04
-610.21
247.24
303.50
-410.12
297.22
916.55
214.67
383.88
-551.59
-766.18
851.29
-126.79
-485.89
-764.01
-94.43
18.95
277.38
-39.13
582.21
-653.92
838.09
372.85
337.46
481.18
763.73
341.58
369.56
-220.80
178.75
-184.37
15.94
-821.68
148.72
-349.75
-488.97
-1.97
36.83
-104.24
-753.88
230.02
158.89
-302.78
-211.57
580.16
-1029.15
366.00
-236.46
201.10
-216.38
946.91
351.13
6.96
-155.42
252.45
-383.80
-362.52
415.53
1399.45
-694.31
495.71
-205.50
-98.62
-56.76
422.53
862.88
-2.01
-461.19
-846.26
168.64
-406.74
779.56
-1317.28
1365.74
-1278.17
-146.94
404.85
-214.59
261.18
640.82
-932.27
418.95
1219.20
-16.35
-825.44
-103.04
-477.58
-257.41
909.34
217.04
-198.30
401.03
-390.69
383.67
101.07
89.54
346.43
247.90
-140.83
1132.58
334.65
494.38
419.31
-599.56
314.92
831.32
-187.03
159.23
-246.03
-1091.22
269.91
-465.06
274.97
376.80
-23.75
-259.66
-434.97
-11.87
538.54
160.39
-469.82
-306.00
-1428.40
-178.60
11.29
626.61
-1524.23
240.49
-264.93
393.09
581.34
-77.16
511.48
572.52
-332.90
-592.89
-511.67
-346.56
429.85
-197.80
89.57
-472.72
-216.85
357.49
-107.84
-728.68
-190.31
232.19
330.37
-471.55
-987.38
30.84
522.99
153.46
-200.80
206.85
932.89
-940.84
406.13
-829.61
-251.68
-128.16
109.57
-812.92
376.36
658.21
-122.86
-160.40
477.73
240.32
-969.39
398.57
-129.34
-415.48
520.86
-1115.48
-425.76
975.91
186.49
36.19
215.08
318.85
-265.77
108.59
47.96
-670.47
278.94
40.57
256.46
215.92
455.84
39.33
-51.85
-200.07
404.08
-139.72
-7.60
551.52
656.16
-72.76
-519.99
574.24
292.66
-329.72
634.03
240.76
-180.93
-220.98
-1038.04
431.27
601.30
34.92
-1618.04
-10.38
-218.62
-566.19
-240.85
626.17
219.89
-168.25
-151.96
488.18
765.34
172.83
-1047.07
-382.35
-184.36
-130.37
-111.29
124.36
3.66
-911.75
-528.79
347.97
11.88
78.61
162.36
513.72
680.08
-196.98
932.12
-748.55
-91.45
-329.62
-707.30
-65.58
215.57
-982.07
273.80
-847.18
342.71
-63.34
-643.54
57.19
586.27
-440.82
345.86
-547.86
-122.92
447.77
-339.59
-75.23
23.73
157.54
-382.34
547.95
-522.76
539.38
-1.18
81.32
652.82
-40.00
480.15
-54.03
519.40
639.38
228.17
-446.21
-423.18
601.09
-151.83
-176.26
-34.75
830.10
365.50
108.36
-477.01
-104.26
241.58
99.08
-2.85
-596.14
1407.49
-80.16
619.22
-280.19
-304.43
-12.10
-139.27
-288.11
-585.36
295.72
89.68
-248.45
-391.70
446.06
321.06
-116.40
-12.75
-318.92
243.83
697.94
-813.59
1014.04
-87.75
58.75
-233.81
-580.77
189.12
331.81
-660.85
759.65
43.60
-359.99
250.18
161.01
-0.30
-441.46
650.27
518.18
735.16
-894.29
343.02
731.06
394.62
-892.07
-25.43
-337.91
-186.28
-293.75
-478.57
-631.71
73.60
-214.90
-517.14
323.42
-512.38
-667.50
-956.63
-469.68
-125.33
495.87
9.84
-303.73
337.85
138.08
-555.08
-218.28
102.41
383.75
-832.64
404.87
0.15
-286.32
-496.11
-198.11
-1099.39
131.61
-611.93
378.30
894.05
-270.27
164.05
931.24
-12.60
300.68
172.15
-61.04
369.24
-1150.20
725.39
-138.76
622.31
-473.20
770.98
615.70
-362.29
-152.72
48.47
-116.28
144.33
-117.78
891.19
724.64
702.54
-27.34
734.17
668.50
-115.17
326.06
373.31
-300.16
-47.04
347.33
-776.68
-475.09
-650.02
241.83
-278.28
880.82
144.40
-446.08
-187.83
290.36
549.36
232.20
-670.84
1262.29
-48.59
843.27
-297.97
-5.49
126.00
357.37
-377.12
232.16
1065.74
-76.84
-250.37
76.71
-936.96
97.09
-393.65
-729.23
16.28
-625.42
-644.27
-134.53
682.33
34.96
34.24
178.37
229.31
312.19
-476.62
-568.31
242.81
335.00
-799.75
-33.68
-619.27
-194.20
-568.17
-60.22
-286.61
350.26
886.10
-962.95
597.43
99.10
278.15
193.36
-16.03
-557.78
-220.33
304.43
123.56
1136.07
-1.47
2.41
628.39
237.08
130.40
464.93
-202.09
-609.86
42.06
-347.02
-36.07
648.14
924.55
1220.69
47.83
274.23
-199.40
-50.13
-69.40
-311.66
1094.04
-9.79
129.27
-760.52
20.89
894.99
-755.02
15.28
-185.73
-159.27
-11.27
-30.35
-193.09
671.50
1436.18
-11.59
-356.18
-1000.89
-111.09
95.79
-233.65
-1630.61
-18.04
152.84
771.02
-30.31
713.00
-0.89
266.63
-280.53
151.08
609.84
-350.76
987.38
-227.87
-250.66
351.63
-933.90
249.03
361.10
-1048.21
-84.44
-531.75
-185.38
286.26
445.28
700.27
44.53
46.84
234.02
1051.25
483.41
-666.72
-94.15
66.13
-501.63
-280.05
-865.34
898.72
1482.10
122.47
923.11
-663.17
443.91
-7.42
697.42
-305.28
-380.27
-250.36
338.93
-36.22
-351.80
373.98
360.06
12.66
388.87
131.20
-746.09
-347.19
-51.85
-36.67
-145.78
447.94
180.78
161.30
-251.91
616.26
-865.15
-300.55
83.65
461.29
-50.16
96.91
608.52
346.64
259.51
400.10
432.04
-148.40
287.02
-1464.61
470.57
1003.73
-408.97
474.60
-127.77
-303.25
-157.20
816.52
-1059.36
99.63
466.19
-29.48
-1091.81
-562.90
-247.32
487.47
-909.25
-305.65
-163.52
-239.25
362.01
-4.79
-147.10
47.51
188.72
560.60
585.59
-527.48
193.11
106.85
224.52
-298.57
-805.36
264.49
392.54
723.83
131.23
176.89
-1188.76
199.58
131.07
293.27
474.46
202.75
-587.02
-37.81
276.25
-148.63
-114.43
-935.13
495.24
-758.74
61.53
-67.88
-888.96
378.27
-563.29
273.14
-71.70
745.42
-553.61
-491.12
83.04
-500.08
-137.22
-138.78
678.70
248.31
-377.75
-250.29
228.50
-603.33
-295.06
728.07
42.56
215.61
-138.30
1301.80
-198.91
80.37
512.79
-170.50
162.96
-556.55
-359.88
382.40
-292.13
-255.93
-422.51
40.97
-616.57
-634.01
-595.36
618.19
-493.20
-113.24
-317.54
280.49
775.64
-18.82
-51.22
-272.68
-969.80
326.44
241.06
-828.35
-3.48
-562.20
-165.34
305.26
459.94
-41.18
-1100.66
133.97
4.47
-629.95
-362.33
-319.36
593.74
-119.28
1212.72
3.99
-1146.91
370.96
346.97
691.04
-1184.04
-348.10
722.56
47.63
115.22
-359.77
-1064.36
-104.29
-408.62
120.16
264.03
135.13
429.28
-87.92
807.69
99.02
-176.31
-709.99
634.60
-50.95
129.16
-124.72
-1.13
35.11
-272.58
-159.97
381.45
553.13
360.20
645.77
-280.46
742.12
-4.22
-900.74
-706.61
455.01
-485.80
-21.61
170.17
146.76
317.33
590.98
109.10
-181.01
0.90
253.32
-803.25
659.65
20.99
-358.86
-377.95
-155.68
-642.68
112.04
654.98
-375.49
463.00
-555.42
145.52
211.03
-509.52
-488.27
-932.09
-593.14
832.85
183.68
-586.23
-454.84
-532.51
80.98
-687.38
-22.95
654.13
537.23
-617.62
685.90
73.31
-223.96
-200.84
291.62
109.33
-1059.82
819.61
254.88
104.22
776.01
1341.64
245.51
-922.89
-1027.43
-508.84
-328.66
-346.12
-107.75
216.45
48.43
-297.92
-48.96
-10.73
126.75
411.43
-389.14
105.71
663.04
-391.90
-237.84
1026.17
890.19
254.80
-1038.59
1009.97
578.56
544.37
456.65
544.16
253.03
-235.47
-54.92
380.03
-204.99
-1052.90
-643.42
238.59
496.86
-430.04
-155.67
-341.18
-460.42
-221.94
-256.46
496.08
788.20
598.81
623.67
709.66
-605.64
-453.16
-256.29
-251.89
-862.51
587.77
-344.11
749.54
-21.69
641.67
-949.86
-226.24
100.66
-23.23
627.71
-963.90
-765.57
459.65
-701.62
-316.06
704.90
-138.53
-320.18
-283.92
318.56
-621.96
921.94
-272.52
282.31
-331.03
535.69
17.99
-158.82
-670.69
686.85
-380.50
128.77
-350.17
449.00
268.22
28.24
-52.71
-106.94
-334.03
-273.50
71.17
-32.18
-430.29
964.48
-437.81
207.83
924.71
-1053.88
-101.36
291.47
58.64
-743.53
-486.62
-823.87
-680.75
-416.75
438.28
-185.37
542.70
-76.93
618.43
123.99
123.39
622.37
572.26
425.62
-62.50
86.15
-321.73
-267.84
-77.00
613.64
410.79
343.82
594.98
17.19
-164.59
418.36
-91.37
193.67
-449.04
105.45
402.64
-323.23
161.21
-499.28
-348.67
-159.73
431.91
235.12
-166.57
-153.78
542.59
-1.86
160.60
-298.57
40.30
-344.59
-435.89
188.51
-496.32
411.45
536.76
400.61
-86.62
105.39
382.42
-35.03
-238.19
4.92
-152.71
18.01
1022.90
-409.47
-1247.99
83.98
513.89
286.89
-529.15
-532.74
-778.29
206.96
-68.69
197.48
172.02
580.81
-759.11
-52.52
513.83
374.94
-600.28
-779.30
4.69
-96.28
-634.46
-507.51
607.69
604.93
12.85
35.67
741.45
-67.71
-141.16
612.11
-769.09
260.10
-414.59
-339.66
834.18
273.24
719.03
-91.14
-90.37
386.79
122.31
714.98
-174.70
244.27
149.17
-62.88
1315.28
-505.34
-413.68
-89.40
171.01
-189.99
796.97
456.62
-8.35
-162.54
-616.44
-129.49
-202.37
-39.09
-59.30
471.14
-220.16
-195.29
-504.96
-8.80
206.44
-278.01
-604.82
861.10
351.50
450.57
380.10
-284.50
-200.68
143.99
-201.96
396.07
-389.64
67.70
-706.84
200.61
202.61
-363.45
-557.68
81.03
758.94
464.45
58.39
-266.58
-450.45
6.95
-705.95
-464.58
663.06
143.38
1019.98
-333.85
604.75
558.03
-571.74
491.73
370.77
500.97
684.49
866.34
56.25
280.02
-191.21
-248.58
653.75
-316.53
498.97
367.88
762.42
-126.56
-126.60
280.77
-587.80
458.80
-81.49
433.70
597.59
-766.85
-483.12
-531.47
-920.03
39.75
-167.23
228.29
-197.87
-571.25
392.62
334.42
-154.25
301.04
779.35
409.43
-163.18
-224.59
1912.23
-162.06
-762.87
557.76
-454.07
505.08
-590.01
-133.76
-246.42
-530.85
-405.86
762.56
-219.31
467.84
206.81
175.30
-627.63
-933.39
357.24
187.87
-302.79
474.07
269.43
-744.02
728.06
-10.01
79.46
-861.16
115.89
629.09
-825.71
231.15
655.00
906.65
434.27
-570.53
-232.10
-73.08
-235.45
337.27
579.52
100.71
55.11
-607.26
69.00
812.72
311.74
-684.35
-612.85
137.92
342.50
-299.68
46.22
-135.86
85.40
-6.45
-818.51
118.04
-33.27
-77.21
668.51
1290.39
-441.16
412.78
-44.51
-455.74
-122.75
483.56
-67.52
-169.38
-340.55
237.81
270.33
33.25
503.27
75.75
821.33
528.15
-187.47
-633.02
438.26
-484.66
-44.81
-281.99
93.01
-878.81
373.89
-1072.00
275.75
933.60
170.76
-488.35
831.73
218.24
-1111.77
-1306.12
733.65
-813.85
-460.50
-528.76
29.99
506.63
-79.37
-871.77
380.91
-195.55
52.36
19.35
-911.21
213.06
89.45
80.87
-401.05
-613.33
-236.46
366.14
-458.78
529.83
-383.35
-828.10
295.77
55.15
-447.42
861.45
183.69
326.77
-21.20
-471.95
277.74
371.20
302.74
-642.52
995.03
33.61
510.82
-368.50
-851.70
108.03
-302.53
-1155.58
352.40
16.82
-370.68
-465.60
-394.93
-199.27
-15.46
205.77
295.34
-580.15
-345.02
398.37
866.27
-120.36
224.10
22.52
86.38
1148.08
255.88
143.26
-219.72
-986.17
-154.19
133.56
-195.42
-627.70
-470.06
803.60
372.20
492.52
755.73
287.14
100.13
-565.44
-147.08
351.00
-558.96
-168.51
90.50
615.11
-243.04
-898.54
-748.77
465.63
-472.16
274.87
-80.31
-332.50
645.59
104.63
-102.02
-127.11
278.52
-286.68
225.01
-610.75
-99.56
291.43
-399.91
661.10
478.24
-158.81
974.80
472.89
839.41
558.08
263.80
-490.20
846.06
-25.23
-335.29
-67.83
642.20
48.97
142.89
-621.75
364.74
150.59
362.31
-774.13
127.65
-220.31
329.87
-127.48
47.62
311.68
170.93
-1422.43
117.37
-169.67
361.35
91.91
274.22
133.86
-399.20
282.96
749.83
610.03
-342.73
521.35
991.10
-133.47
303.88
-77.11
274.30
